{
  "advancedEditorSelectedIdentifier" : "ProjectBrowser",
  "openSceneRelativePaths" : [
    "Immersive.usda",
    "Scene.usda"
  ],
  "recentIdentifiers" : {
    "AF09ED6F-1707-48FD-8720-65B998362C09" : [

    ]
  },
  "sceneCameraHistory" : {
    "AF09ED6F-1707-48FD-8720-65B998362C09" : [
      {
        "date" : 748765613.874607,
        "title" : "Untitled",
        "transform" : [
          0.99979216,
          5.4782443e-08,
          -0.02038828,
          0,
          -0.0013141911,
          0.99792075,
          -0.064439245,
          0,
          0.020345975,
          0.064452596,
          0.9977133,
          0,
          1.636735,
          2.4311109,
          19.360203,
          1
        ]
      },
      {
        "date" : 748763226.050067,
        "title" : "Untitled",
        "transform" : [
          0.99979216,
          5.4782443e-08,
          -0.02038828,
          0,
          -0.0013141911,
          0.99792075,
          -0.064439245,
          0,
          0.020345975,
          0.064452596,
          0.9977133,
          0,
          1.4482584,
          2.2427373,
          19.376215,
          1
        ]
      },
      {
        "date" : 748762830.402739,
        "title" : "Untitled",
        "transform" : [
          0.94165105,
          5.471749e-08,
          -0.33659092,
          0,
          -0.13669296,
          0.91382426,
          -0.38241366,
          0,
          0.307585,
          0.40610978,
          0.86050355,
          0,
          6.856206,
          8.824024,
          16.052853,
          1
        ]
      },
      {
        "date" : 748761814.00422,
        "title" : "Untitled",
        "transform" : [
          0.94165105,
          5.471749e-08,
          -0.33659092,
          0,
          -0.13669296,
          0.91382426,
          -0.38241366,
          0,
          0.30758497,
          0.40610972,
          0.86050344,
          0,
          6.856206,
          8.824024,
          16.052853,
          1
        ]
      },
      {
        "date" : 748761770.507817,
        "title" : "Untitled",
        "transform" : [
          0.96283567,
          5.536687e-08,
          -0.27008757,
          0,
          -0.102988884,
          0.9244446,
          -0.3671449,
          0,
          0.24968107,
          0.38131618,
          0.8900883,
          0,
          5.7823277,
          8.350892,
          16.715034,
          1
        ]
      },
      {
        "date" : 748761767.870323,
        "title" : "Untitled",
        "transform" : [
          0.99501556,
          5.595222e-08,
          -0.09971907,
          0,
          -0.033621516,
          0.94144684,
          -0.33548087,
          0,
          0.09388026,
          0.33716133,
          0.93675435,
          0,
          2.8502352,
          7.5102677,
          17.78377,
          1
        ]
      },
      {
        "date" : 748761752.816059,
        "title" : "Untitled",
        "transform" : [
          0.999995,
          5.4788526e-08,
          0.0031599386,
          0,
          0.0007686566,
          0.969956,
          -0.24327908,
          0,
          -0.003064947,
          0.24328026,
          0.96995133,
          0,
          1.0037766,
          5.7122097,
          18.632055,
          1
        ]
      },
      {
        "date" : 748761747.2536,
        "title" : "Untitled",
        "transform" : [
          0.907111,
          5.6699147e-08,
          -0.4208914,
          0,
          -0.13156793,
          0.949887,
          -0.2835568,
          0,
          0.39979935,
          0.31259328,
          0.86165303,
          0,
          8.610848,
          7.0407157,
          16.033464,
          1
        ]
      },
      {
        "date" : 748761741.970375,
        "title" : "Untitled",
        "transform" : [
          -0.9810316,
          6.4442965e-08,
          -0.19384775,
          0,
          -0.003636352,
          0.999824,
          0.018403465,
          0,
          0.19381358,
          0.018759256,
          -0.9808591,
          0,
          2.7252152,
          1.3734307,
          -19.273745,
          1
        ]
      },
      {
        "date" : 748761475.725162,
        "title" : "Untitled",
        "transform" : [
          0.8768206,
          6.908406e-08,
          -0.4808177,
          0,
          -0.23246656,
          0.8753545,
          -0.42392662,
          0,
          0.4208859,
          0.48348162,
          0.7675289,
          0,
          8.887217,
          10.290821,
          13.996669,
          1
        ]
      }
    ],
    "D66134B1-3681-4A8E-AFE5-29F257229F3B" : [
      {
        "date" : 748763704.237744,
        "title" : "Untitled",
        "transform" : [
          0.80911875,
          1.3828995e-08,
          0.58764523,
          0,
          0.13256574,
          0.9742228,
          -0.18252754,
          0,
          -0.5724974,
          0.22558811,
          0.78826195,
          0,
          -4.6725893,
          3.1317825,
          12.198735,
          1
        ]
      },
      {
        "date" : 748763599.135353,
        "title" : "Untitled",
        "transform" : [
          0.95864904,
          -9.970531e-10,
          0.28459096,
          0,
          0.16745955,
          0.808554,
          -0.56409013,
          0,
          -0.23010711,
          0.58842194,
          0.7751194,
          0,
          -0.07677904,
          6.4293303,
          9.071537,
          1
        ]
      },
      {
        "date" : 748763534.041923,
        "title" : "Untitled",
        "transform" : [
          0.9504068,
          3.7603531e-10,
          0.31100956,
          0,
          0.21314242,
          0.728238,
          -0.651337,
          0,
          -0.22648892,
          0.6853244,
          0.6921222,
          0,
          -0.05932665,
          7.468564,
          8.249866,
          1
        ]
      },
      {
        "date" : 748763526.879813,
        "title" : "Untitled",
        "transform" : [
          0.989333,
          5.1308535e-10,
          0.14567159,
          0,
          0.09628556,
          0.7504063,
          -0.65392625,
          0,
          -0.10931286,
          0.6609769,
          0.7424016,
          0,
          1.1373475,
          7.272094,
          7.5889215,
          1
        ]
      },
      {
        "date" : 748763516.845646,
        "title" : "Untitled",
        "transform" : [
          0.99840444,
          2.6961772e-10,
          0.056466717,
          0,
          0.03510751,
          0.7832251,
          -0.62074614,
          0,
          -0.04422615,
          0.6217382,
          0.78197545,
          0,
          -0.13884026,
          1.3630426,
          2.2158034,
          1
        ]
      },
      {
        "date" : 748763403.331888,
        "title" : "Untitled",
        "transform" : [
          0.99840456,
          2.6961774e-10,
          0.056466725,
          0,
          0.035107512,
          0.78322524,
          -0.6207462,
          0,
          -0.044226155,
          0.62173826,
          0.78197557,
          0,
          -0.11438209,
          1.6080015,
          2.022423,
          1
        ]
      },
      {
        "date" : 748763394.21015,
        "title" : "Untitled",
        "transform" : [
          0.9991666,
          -1.6598772e-10,
          -0.040818963,
          0,
          -0.021349074,
          0.8523214,
          -0.5225826,
          0,
          0.034790877,
          0.52301854,
          0.851611,
          0,
          0.08997963,
          1.3526827,
          2.2025213,
          1
        ]
      }
    ]
  },
  "sceneViewportBackgroundColors" : {

  },
  "selectedSceneRelativePath" : "Immersive.usda"
}